41.230.62.211,41.230.62.211,00000000000000000000000000000000000000000000000000000000000000,|||,|||,|||,|||,|||,|||,|||,|||,|||,|||
89.101.97.139,89.101.97.139,04d02d00004d04d04c04d02d04d04d9674c6b4e623ae36cc2d998e99e2262e,000a|0303||ff01-0023,0005|0303||ff01-0023,|||,000a|0303||ff01-0023,000a|0303||ff01-0023,000a|0302||ff01-0023,000a|0303||ff01-0023,0005|0303||ff01-0023,000a|0303||ff01-0023,000a|0303||ff01-0023
46.198.215.152,46.198.215.152,04d02d00004d04d04c04d02d04d04d9674c6b4e623ae36cc2d998e99e2262e,000a|0303||ff01-0023,0005|0303||ff01-0023,|||,000a|0303||ff01-0023,000a|0303||ff01-0023,000a|0302||ff01-0023,000a|0303||ff01-0023,0005|0303||ff01-0023,000a|0303||ff01-0023,000a|0303||ff01-0023
45.9.20.200,45.9.20.200,04d02d00004d04d04c04d02d04d04d9674c6b4e623ae36cc2d998e99e2262e,000a|0303||ff01-0023,0005|0303||ff01-0023,|||,000a|0303||ff01-0023,000a|0303||ff01-0023,000a|0302||ff01-0023,000a|0303||ff01-0023,0005|0303||ff01-0023,000a|0303||ff01-0023,000a|0303||ff01-0023
217.128.122.65,217.128.122.65,04d02d00004d04d04c04d02d04d04d9674c6b4e623ae36cc2d998e99e2262e,000a|0303||ff01-0023,0005|0303||ff01-0023,|||,000a|0303||ff01-0023,000a|0303||ff01-0023,000a|0302||ff01-0023,000a|0303||ff01-0023,0005|0303||ff01-0023,000a|0303||ff01-0023,000a|0303||ff01-0023
82.152.39.39,82.152.39.39,04d02d00004d04d04c04d02d04d04d9674c6b4e623ae36cc2d998e99e2262e,000a|0303||ff01-0023,0005|0303||ff01-0023,|||,000a|0303||ff01-0023,000a|0303||ff01-0023,000a|0302||ff01-0023,000a|0303||ff01-0023,0005|0303||ff01-0023,000a|0303||ff01-0023,000a|0303||ff01-0023
80.11.74.81,80.11.74.81,04d02d00004d04d04c04d02d04d04d9674c6b4e623ae36cc2d998e99e2262e,000a|0303||ff01-0023,0005|0303||ff01-0023,|||,000a|0303||ff01-0023,000a|0303||ff01-0023,000a|0302||ff01-0023,000a|0303||ff01-0023,0005|0303||ff01-0023,000a|0303||ff01-0023,000a|0303||ff01-0023
31.48.166.122,31.48.166.122,04d02d00004d04d04c04d02d04d04d9674c6b4e623ae36cc2d998e99e2262e,000a|0303||ff01-0023,0005|0303||ff01-0023,|||,000a|0303||ff01-0023,000a|0303||ff01-0023,000a|0302||ff01-0023,000a|0303||ff01-0023,0005|0303||ff01-0023,000a|0303||ff01-0023,000a|0303||ff01-0023
176.67.56.94,176.67.56.94,04d02d00004d04d04c04d02d04d04d9674c6b4e623ae36cc2d998e99e2262e,000a|0303||ff01-0023,0005|0303||ff01-0023,|||,000a|0303||ff01-0023,000a|0303||ff01-0023,000a|0302||ff01-0023,000a|0303||ff01-0023,0005|0303||ff01-0023,000a|0303||ff01-0023,000a|0303||ff01-0023
92.132.172.197,92.132.172.197,04d02d00004d04d04c04d02d04d04d9674c6b4e623ae36cc2d998e99e2262e,000a|0303||ff01-0023,0005|0303||ff01-0023,|||,000a|0303||ff01-0023,000a|0303||ff01-0023,000a|0302||ff01-0023,000a|0303||ff01-0023,0005|0303||ff01-0023,000a|0303||ff01-0023,000a|0303||ff01-0023
85.104.122.231,85.104.122.231,04d02d00004d04d04c04d02d04d04d9674c6b4e623ae36cc2d998e99e2262e,000a|0303||ff01-0023,0005|0303||ff01-0023,|||,000a|0303||ff01-0023,000a|0303||ff01-0023,000a|0302||ff01-0023,000a|0303||ff01-0023,0005|0303||ff01-0023,000a|0303||ff01-0023,000a|0303||ff01-0023
196.203.37.215,196.203.37.215,04d02d00004d04d04c04d02d04d04d9674c6b4e623ae36cc2d998e99e2262e,000a|0303||ff01-0023,0005|0303||ff01-0023,|||,000a|0303||ff01-0023,000a|0303||ff01-0023,000a|0302||ff01-0023,000a|0303||ff01-0023,0005|0303||ff01-0023,000a|0303||ff01-0023,000a|0303||ff01-0023
217.165.147.83,217.165.147.83,00000000000000000000000000000000000000000000000000000000000000,|||,|||,|||,|||,|||,|||,|||,|||,|||,|||
109.228.220.196,109.228.220.196,04d02d00004d04d04c04d02d04d04d9674c6b4e623ae36cc2d998e99e2262e,000a|0303||ff01-0023,0005|0303||ff01-0023,|||,000a|0303||ff01-0023,000a|0303||ff01-0023,000a|0302||ff01-0023,000a|0303||ff01-0023,0005|0303||ff01-0023,000a|0303||ff01-0023,000a|0303||ff01-0023
45.63.1.12,45.63.1.12,3fd21b20d00000021c43d21b21b43d41226dd5dfc615dd4a96265559485910,cca8|0303|http/1.1|0023-ff01-0010-000b,c013|0301|http/1.1|0023-ff01-0010-000b,c012|0303|http/1.1|0023-ff01-0010-000b,|||,|||,c013|0302|http/1.1|0023-ff01-0010-000b,1303|0303||002b-0033,c013|0301|http/1.1|0023-ff01-0010-000b,c013|0301|http/1.1|0023-ff01-0010-000b,1303|0303||002b-0033
81.215.196.174,81.215.196.174,04d02d00004d04d04c04d02d04d04d9674c6b4e623ae36cc2d998e99e2262e,000a|0303||ff01-0023,0005|0303||ff01-0023,|||,000a|0303||ff01-0023,000a|0303||ff01-0023,000a|0302||ff01-0023,000a|0303||ff01-0023,0005|0303||ff01-0023,000a|0303||ff01-0023,000a|0303||ff01-0023
140.82.63.183,140.82.63.183,3fd21b20d00000021c43d21b21b43d41226dd5dfc615dd4a96265559485910,cca8|0303|http/1.1|0023-ff01-0010-000b,c013|0301|http/1.1|0023-ff01-0010-000b,c012|0303|http/1.1|0023-ff01-0010-000b,|||,|||,c013|0302|http/1.1|0023-ff01-0010-000b,1303|0303||002b-0033,c013|0301|http/1.1|0023-ff01-0010-000b,c013|0301|http/1.1|0023-ff01-0010-000b,1303|0303||002b-0033
149.28.238.199,149.28.238.199,3fd21b20d00000021c43d21b21b43d41226dd5dfc615dd4a96265559485910,cca8|0303|http/1.1|0023-ff01-0010-000b,c013|0301|http/1.1|0023-ff01-0010-000b,c012|0303|http/1.1|0023-ff01-0010-000b,|||,|||,c013|0302|http/1.1|0023-ff01-0010-000b,1303|0303||002b-0033,c013|0301|http/1.1|0023-ff01-0010-000b,c013|0301|http/1.1|0023-ff01-0010-000b,1303|0303||002b-0033
45.76.167.26,45.76.167.26,3fd21b20d00000021c43d21b21b43d41226dd5dfc615dd4a96265559485910,cca8|0303|http/1.1|0023-ff01-0010-000b,c013|0301|http/1.1|0023-ff01-0010-000b,c012|0303|http/1.1|0023-ff01-0010-000b,|||,|||,c013|0302|http/1.1|0023-ff01-0010-000b,1303|0303||002b-0033,c013|0301|http/1.1|0023-ff01-0010-000b,c013|0301|http/1.1|0023-ff01-0010-000b,1303|0303||002b-0033
140.82.63.183,140.82.63.183,3fd21b20d00000021c43d21b21b43d41226dd5dfc615dd4a96265559485910,cca8|0303|http/1.1|0023-ff01-0010-000b,c013|0301|http/1.1|0023-ff01-0010-000b,c012|0303|http/1.1|0023-ff01-0010-000b,|||,|||,c013|0302|http/1.1|0023-ff01-0010-000b,1303|0303||002b-0033,c013|0301|http/1.1|0023-ff01-0010-000b,c013|0301|http/1.1|0023-ff01-0010-000b,1303|0303||002b-0033
72.76.94.99,72.76.94.99,04d02d00004d04d04c04d02d04d04d9674c6b4e623ae36cc2d998e99e2262e,000a|0303||ff01-0023,0005|0303||ff01-0023,|||,000a|0303||ff01-0023,000a|0303||ff01-0023,000a|0302||ff01-0023,000a|0303||ff01-0023,0005|0303||ff01-0023,000a|0303||ff01-0023,000a|0303||ff01-0023
45.76.167.26,45.76.167.26,3fd21b20d00000021c43d21b21b43d41226dd5dfc615dd4a96265559485910,cca8|0303|http/1.1|0023-ff01-0010-000b,c013|0301|http/1.1|0023-ff01-0010-000b,c012|0303|http/1.1|0023-ff01-0010-000b,|||,|||,c013|0302|http/1.1|0023-ff01-0010-000b,1303|0303||002b-0033,c013|0301|http/1.1|0023-ff01-0010-000b,c013|0301|http/1.1|0023-ff01-0010-000b,1303|0303||002b-0033
45.63.1.12,45.63.1.12,3fd21b20d00000021c43d21b21b43d41226dd5dfc615dd4a96265559485910,cca8|0303|http/1.1|0023-ff01-0010-000b,c013|0301|http/1.1|0023-ff01-0010-000b,c012|0303|http/1.1|0023-ff01-0010-000b,|||,|||,c013|0302|http/1.1|0023-ff01-0010-000b,1303|0303||002b-0033,c013|0301|http/1.1|0023-ff01-0010-000b,c013|0301|http/1.1|0023-ff01-0010-000b,1303|0303||002b-0033
144.202.3.39,144.202.3.39,3fd21b20d00000021c43d21b21b43d41226dd5dfc615dd4a96265559485910,cca8|0303|http/1.1|0023-ff01-0010-000b,c013|0301|http/1.1|0023-ff01-0010-000b,c012|0303|http/1.1|0023-ff01-0010-000b,|||,|||,c013|0302|http/1.1|0023-ff01-0010-000b,1303|0303||002b-0033,c013|0301|http/1.1|0023-ff01-0010-000b,c013|0301|http/1.1|0023-ff01-0010-000b,1303|0303||002b-0033
144.202.3.39,144.202.3.39,3fd21b20d00000021c43d21b21b43d41226dd5dfc615dd4a96265559485910,cca8|0303|http/1.1|0023-ff01-0010-000b,c013|0301|http/1.1|0023-ff01-0010-000b,c012|0303|http/1.1|0023-ff01-0010-000b,|||,|||,c013|0302|http/1.1|0023-ff01-0010-000b,1303|0303||002b-0033,c013|0301|http/1.1|0023-ff01-0010-000b,c013|0301|http/1.1|0023-ff01-0010-000b,1303|0303||002b-0033
144.202.2.175,144.202.2.175,3fd21b20d00000021c43d21b21b43d41226dd5dfc615dd4a96265559485910,cca8|0303|http/1.1|0023-ff01-0010-000b,c013|0301|http/1.1|0023-ff01-0010-000b,c012|0303|http/1.1|0023-ff01-0010-000b,|||,|||,c013|0302|http/1.1|0023-ff01-0010-000b,1303|0303||002b-0033,c013|0301|http/1.1|0023-ff01-0010-000b,c013|0301|http/1.1|0023-ff01-0010-000b,1303|0303||002b-0033
200.100.246.85,200.100.246.85,00000000000000000000000000000000000000000000000000000000000000,|||,|||,|||,|||,|||,|||,|||,|||,|||,|||
119.158.126.69,119.158.126.69,00000000000000000000000000000000000000000000000000000000000000,|||,|||,|||,|||,|||,|||,|||,|||,|||,|||
149.28.238.199,149.28.238.199,3fd21b20d00000021c43d21b21b43d41226dd5dfc615dd4a96265559485910,cca8|0303|http/1.1|0023-ff01-0010-000b,c013|0301|http/1.1|0023-ff01-0010-000b,c012|0303|http/1.1|0023-ff01-0010-000b,|||,|||,c013|0302|http/1.1|0023-ff01-0010-000b,1303|0303||002b-0033,c013|0301|http/1.1|0023-ff01-0010-000b,c013|0301|http/1.1|0023-ff01-0010-000b,1303|0303||002b-0033
144.202.2.175,144.202.2.175,3fd21b20d00000021c43d21b21b43d41226dd5dfc615dd4a96265559485910,cca8|0303|http/1.1|0023-ff01-0010-000b,c013|0301|http/1.1|0023-ff01-0010-000b,c012|0303|http/1.1|0023-ff01-0010-000b,|||,|||,c013|0302|http/1.1|0023-ff01-0010-000b,1303|0303||002b-0033,c013|0301|http/1.1|0023-ff01-0010-000b,c013|0301|http/1.1|0023-ff01-0010-000b,1303|0303||002b-0033
50.29.166.232,50.29.166.232,04d02d00004d04d04c04d02d04d04d9674c6b4e623ae36cc2d998e99e2262e,000a|0303||ff01-0023,0005|0303||ff01-0023,|||,000a|0303||ff01-0023,000a|0303||ff01-0023,000a|0302||ff01-0023,000a|0303||ff01-0023,0005|0303||ff01-0023,000a|0303||ff01-0023,000a|0303||ff01-0023
75.99.168.194,75.99.168.194,04d02d00004d04d04c04d02d04d04d9674c6b4e623ae36cc2d998e99e2262e,000a|0303||ff01-0023,0005|0303||ff01-0023,|||,000a|0303||ff01-0023,000a|0303||ff01-0023,000a|0302||ff01-0023,000a|0303||ff01-0023,0005|0303||ff01-0023,000a|0303||ff01-0023,000a|0303||ff01-0023
75.99.168.194,75.99.168.194,04d02d00004d04d04c04d02d04d04d9674c6b4e623ae36cc2d998e99e2262e,000a|0303||ff01-0023,0005|0303||ff01-0023,|||,000a|0303||ff01-0023,000a|0303||ff01-0023,000a|0302||ff01-0023,000a|0303||ff01-0023,0005|0303||ff01-0023,000a|0303||ff01-0023,000a|0303||ff01-0023
102.140.71.10,102.140.71.10,00000000000000000000000000000000000000000000000000000000000000,|||,|||,|||,|||,|||,|||,|||,|||,|||,|||
102.140.71.72,102.140.71.72,00000000000000000000000000000000000000000000000000000000000000,|||,|||,|||,|||,|||,|||,|||,|||,|||,|||
47.23.89.62,47.23.89.62,04d02d00004d04d04c04d02d04d04d9674c6b4e623ae36cc2d998e99e2262e,000a|0303||ff01-0023,0005|0303||ff01-0023,|||,000a|0303||ff01-0023,000a|0303||ff01-0023,000a|0302||ff01-0023,000a|0303||ff01-0023,0005|0303||ff01-0023,000a|0303||ff01-0023,000a|0303||ff01-0023
47.23.89.62,47.23.89.62,04d02d00004d04d04c04d02d04d04d9674c6b4e623ae36cc2d998e99e2262e,000a|0303||ff01-0023,0005|0303||ff01-0023,|||,000a|0303||ff01-0023,000a|0303||ff01-0023,000a|0302||ff01-0023,000a|0303||ff01-0023,0005|0303||ff01-0023,000a|0303||ff01-0023,000a|0303||ff01-0023
207.246.112.221,207.246.112.221,3fd21b20d00000021c43d21b21b43d41226dd5dfc615dd4a96265559485910,cca8|0303|http/1.1|0023-ff01-0010-000b,c013|0301|http/1.1|0023-ff01-0010-000b,c012|0303|http/1.1|0023-ff01-0010-000b,|||,|||,c013|0302|http/1.1|0023-ff01-0010-000b,1303|0303||002b-0033,c013|0301|http/1.1|0023-ff01-0010-000b,c013|0301|http/1.1|0023-ff01-0010-000b,1303|0303||002b-0033
207.246.112.221,207.246.112.221,3fd21b20d00000021c43d21b21b43d41226dd5dfc615dd4a96265559485910,cca8|0303|http/1.1|0023-ff01-0010-000b,c013|0301|http/1.1|0023-ff01-0010-000b,c012|0303|http/1.1|0023-ff01-0010-000b,|||,|||,c013|0302|http/1.1|0023-ff01-0010-000b,1303|0303||002b-0033,c013|0301|http/1.1|0023-ff01-0010-000b,c013|0301|http/1.1|0023-ff01-0010-000b,1303|0303||002b-0033
24.139.72.117,24.139.72.117,04d02d00004d04d04c04d02d04d04d9674c6b4e623ae36cc2d998e99e2262e,000a|0303||ff01-0023,0005|0303||ff01-0023,|||,000a|0303||ff01-0023,000a|0303||ff01-0023,000a|0302||ff01-0023,000a|0303||ff01-0023,0005|0303||ff01-0023,000a|0303||ff01-0023,000a|0303||ff01-0023
32.221.224.140,32.221.224.140,04d02d00004d04d04c04d02d04d04d9674c6b4e623ae36cc2d998e99e2262e,000a|0303||ff01-0023,0005|0303||ff01-0023,|||,000a|0303||ff01-0023,000a|0303||ff01-0023,000a|0302||ff01-0023,000a|0303||ff01-0023,0005|0303||ff01-0023,000a|0303||ff01-0023,000a|0303||ff01-0023
179.100.109.11,179.100.109.11,00000000000000000000000000000000000000000000000000000000000000,|||,|||,|||,|||,|||,|||,|||,|||,|||,|||
108.60.213.141,108.60.213.141,04d02d00004d04d04c04d02d04d04d9674c6b4e623ae36cc2d998e99e2262e,000a|0303||ff01-0023,0005|0303||ff01-0023,|||,000a|0303||ff01-0023,000a|0303||ff01-0023,000a|0302||ff01-0023,000a|0303||ff01-0023,0005|0303||ff01-0023,000a|0303||ff01-0023,000a|0303||ff01-0023
71.13.93.154,71.13.93.154,04d02d00004d04d04c04d02d04d04d9674c6b4e623ae36cc2d998e99e2262e,000a|0303||ff01-0023,0005|0303||ff01-0023,|||,000a|0303||ff01-0023,000a|0303||ff01-0023,000a|0302||ff01-0023,000a|0303||ff01-0023,0005|0303||ff01-0023,000a|0303||ff01-0023,000a|0303||ff01-0023
116.30.5.32,116.30.5.32,00000000000000000000000000000000000000000000000000000000000000,|||,|||,|||,|||,|||,|||,|||,|||,|||,|||
38.70.253.226,38.70.253.226,04d02d00004d04d04c04d02d04d04d9674c6b4e623ae36cc2d998e99e2262e,000a|0303||ff01-0023,0005|0303||ff01-0023,|||,000a|0303||ff01-0023,000a|0303||ff01-0023,000a|0302||ff01-0023,000a|0303||ff01-0023,0005|0303||ff01-0023,000a|0303||ff01-0023,000a|0303||ff01-0023
24.178.196.158,24.178.196.158,04d02d00004d04d04c04d02d04d04d9674c6b4e623ae36cc2d998e99e2262e,000a|0303||ff01-0023,0005|0303||ff01-0023,|||,000a|0303||ff01-0023,000a|0303||ff01-0023,000a|0302||ff01-0023,000a|0303||ff01-0023,0005|0303||ff01-0023,000a|0303||ff01-0023,000a|0303||ff01-0023
67.209.195.198,67.209.195.198,04d02d00004d04d04c04d02d04d04d9674c6b4e623ae36cc2d998e99e2262e,000a|0303||ff01-0023,0005|0303||ff01-0023,|||,000a|0303||ff01-0023,000a|0303||ff01-0023,000a|0302||ff01-0023,000a|0303||ff01-0023,0005|0303||ff01-0023,000a|0303||ff01-0023,000a|0303||ff01-0023
148.64.96.100,148.64.96.100,04d02d00004d04d04c04d02d04d04d9674c6b4e623ae36cc2d998e99e2262e,000a|0303||ff01-0023,0005|0303||ff01-0023,|||,000a|0303||ff01-0023,000a|0303||ff01-0023,000a|0302||ff01-0023,000a|0303||ff01-0023,0005|0303||ff01-0023,000a|0303||ff01-0023,000a|0303||ff01-0023
24.152.219.253,24.152.219.253,04d02d00004d04d04c04d02d04d04d9674c6b4e623ae36cc2d998e99e2262e,000a|0303||ff01-0023,0005|0303||ff01-0023,|||,000a|0303||ff01-0023,000a|0303||ff01-0023,000a|0302||ff01-0023,000a|0303||ff01-0023,0005|0303||ff01-0023,000a|0303||ff01-0023,000a|0303||ff01-0023
86.98.208.214,86.98.208.214,04d02d00004d04d04c04d02d04d04d9674c6b4e623ae36cc2d998e99e2262e,000a|0303||ff01-0023,0005|0303||ff01-0023,|||,000a|0303||ff01-0023,000a|0303||ff01-0023,000a|0302||ff01-0023,000a|0303||ff01-0023,0005|0303||ff01-0023,000a|0303||ff01-0023,000a|0303||ff01-0023
216.238.72.121,216.238.72.121,3fd21b20d00000021c43d21b21b43d41226dd5dfc615dd4a96265559485910,cca8|0303|http/1.1|0023-ff01-0010-000b,c013|0301|http/1.1|0023-ff01-0010-000b,c012|0303|http/1.1|0023-ff01-0010-000b,|||,|||,c013|0302|http/1.1|0023-ff01-0010-000b,1303|0303||002b-0033,c013|0301|http/1.1|0023-ff01-0010-000b,c013|0301|http/1.1|0023-ff01-0010-000b,1303|0303||002b-0033
216.238.71.31,216.238.71.31,3fd21b20d00000021c43d21b21b43d41226dd5dfc615dd4a96265559485910,cca8|0303|http/1.1|0023-ff01-0010-000b,c013|0301|http/1.1|0023-ff01-0010-000b,c012|0303|http/1.1|0023-ff01-0010-000b,|||,|||,c013|0302|http/1.1|0023-ff01-0010-000b,1303|0303||002b-0033,c013|0301|http/1.1|0023-ff01-0010-000b,c013|0301|http/1.1|0023-ff01-0010-000b,1303|0303||002b-0033
1.161.71.109,1.161.71.109,00000000000000000000000000000000000000000000000000000000000000,|||,|||,|||,|||,|||,|||,|||,|||,|||,|||
1.161.75.18,1.161.75.18,00000000000000000000000000000000000000000000000000000000000000,|||,|||,|||,|||,|||,|||,|||,|||,|||,|||
216.238.71.31,216.238.71.31,3fd21b20d00000021c43d21b21b43d41226dd5dfc615dd4a96265559485910,cca8|0303|http/1.1|0023-ff01-0010-000b,c013|0301|http/1.1|0023-ff01-0010-000b,c012|0303|http/1.1|0023-ff01-0010-000b,|||,|||,c013|0302|http/1.1|0023-ff01-0010-000b,1303|0303||002b-0033,c013|0301|http/1.1|0023-ff01-0010-000b,c013|0301|http/1.1|0023-ff01-0010-000b,1303|0303||002b-0033
216.238.72.121,216.238.72.121,3fd21b20d00000021c43d21b21b43d41226dd5dfc615dd4a96265559485910,cca8|0303|http/1.1|0023-ff01-0010-000b,c013|0301|http/1.1|0023-ff01-0010-000b,c012|0303|http/1.1|0023-ff01-0010-000b,|||,|||,c013|0302|http/1.1|0023-ff01-0010-000b,1303|0303||002b-0033,c013|0301|http/1.1|0023-ff01-0010-000b,c013|0301|http/1.1|0023-ff01-0010-000b,1303|0303||002b-0033
70.51.153.189,70.51.153.189,04d02d00004d04d04c04d02d04d04d9674c6b4e623ae36cc2d998e99e2262e,000a|0303||ff01-0023,0005|0303||ff01-0023,|||,000a|0303||ff01-0023,000a|0303||ff01-0023,000a|0302||ff01-0023,000a|0303||ff01-0023,0005|0303||ff01-0023,000a|0303||ff01-0023,000a|0303||ff01-0023
173.174.216.62,173.174.216.62,04d02d00004d04d04c04d02d04d04d9674c6b4e623ae36cc2d998e99e2262e,000a|0303||ff01-0023,0005|0303||ff01-0023,|||,000a|0303||ff01-0023,000a|0303||ff01-0023,000a|0302||ff01-0023,000a|0303||ff01-0023,0005|0303||ff01-0023,000a|0303||ff01-0023,000a|0303||ff01-0023
1.161.67.235,1.161.67.235,00000000000000000000000000000000000000000000000000000000000000,|||,|||,|||,|||,|||,|||,|||,|||,|||,|||
103.246.242.202,103.246.242.202,04d02d00004d04d04c04d02d04d04d9674c6b4e623ae36cc2d998e99e2262e,000a|0303||ff01-0023,0005|0303||ff01-0023,|||,000a|0303||ff01-0023,000a|0303||ff01-0023,000a|0302||ff01-0023,000a|0303||ff01-0023,0005|0303||ff01-0023,000a|0303||ff01-0023,000a|0303||ff01-0023
103.133.11.10,103.133.11.10,04d02d00004d04d04c04d02d04d04d9674c6b4e623ae36cc2d998e99e2262e,000a|0303||ff01-0023,0005|0303||ff01-0023,|||,000a|0303||ff01-0023,000a|0303||ff01-0023,000a|0302||ff01-0023,000a|0303||ff01-0023,0005|0303||ff01-0023,000a|0303||ff01-0023,000a|0303||ff01-0023
217.164.76.203,217.164.76.203,04d02d00004d04d04c04d02d04d04d9674c6b4e623ae36cc2d998e99e2262e,000a|0303||ff01-0023,0005|0303||ff01-0023,|||,000a|0303||ff01-0023,000a|0303||ff01-0023,000a|0302||ff01-0023,000a|0303||ff01-0023,0005|0303||ff01-0023,000a|0303||ff01-0023,000a|0303||ff01-0023
2.50.4.57,2.50.4.57,04d02d00004d04d04c04d02d04d04d9674c6b4e623ae36cc2d998e99e2262e,000a|0303||ff01-0023,0005|0303||ff01-0023,|||,000a|0303||ff01-0023,000a|0303||ff01-0023,000a|0302||ff01-0023,000a|0303||ff01-0023,0005|0303||ff01-0023,000a|0303||ff01-0023,000a|0303||ff01-0023
86.98.156.198,86.98.156.198,04d02d00004d04d04c04d02d04d04d9674c6b4e623ae36cc2d998e99e2262e,000a|0303||ff01-0023,0005|0303||ff01-0023,|||,000a|0303||ff01-0023,000a|0303||ff01-0023,000a|0302||ff01-0023,000a|0303||ff01-0023,0005|0303||ff01-0023,000a|0303||ff01-0023,000a|0303||ff01-0023
172.114.160.81,172.114.160.81,04d02d00004d04d04c04d02d04d04d9674c6b4e623ae36cc2d998e99e2262e,000a|0303||ff01-0023,0005|0303||ff01-0023,|||,000a|0303||ff01-0023,000a|0303||ff01-0023,000a|0302||ff01-0023,000a|0303||ff01-0023,0005|0303||ff01-0023,000a|0303||ff01-0023,000a|0303||ff01-0023
172.114.160.81,172.114.160.81,04d02d00004d04d04c04d02d04d04d9674c6b4e623ae36cc2d998e99e2262e,000a|0303||ff01-0023,0005|0303||ff01-0023,|||,000a|0303||ff01-0023,000a|0303||ff01-0023,000a|0302||ff01-0023,000a|0303||ff01-0023,0005|0303||ff01-0023,000a|0303||ff01-0023,000a|0303||ff01-0023
37.210.160.58,37.210.160.58,04d02d00004d04d04c04d02d04d04d9674c6b4e623ae36cc2d998e99e2262e,000a|0303||ff01-0023,0005|0303||ff01-0023,|||,000a|0303||ff01-0023,000a|0303||ff01-0023,000a|0302||ff01-0023,000a|0303||ff01-0023,0005|0303||ff01-0023,000a|0303||ff01-0023,000a|0303||ff01-0023
70.46.220.114,70.46.220.114,04d02d00004d04d04c04d02d04d04d9674c6b4e623ae36cc2d998e99e2262e,000a|0303||ff01-0023,0005|0303||ff01-0023,|||,000a|0303||ff01-0023,000a|0303||ff01-0023,000a|0302||ff01-0023,000a|0303||ff01-0023,0005|0303||ff01-0023,000a|0303||ff01-0023,000a|0303||ff01-0023
174.95.174.163,174.95.174.163,04d02d00004d04d04c04d02d04d04d9674c6b4e623ae36cc2d998e99e2262e,000a|0303||ff01-0023,0005|0303||ff01-0023,|||,000a|0303||ff01-0023,000a|0303||ff01-0023,000a|0302||ff01-0023,000a|0303||ff01-0023,0005|0303||ff01-0023,000a|0303||ff01-0023,000a|0303||ff01-0023
37.186.54.254,37.186.54.254,04d02d00004d04d04c04d02d04d04d9674c6b4e623ae36cc2d998e99e2262e,000a|0303||ff01-0023,0005|0303||ff01-0023,|||,000a|0303||ff01-0023,000a|0303||ff01-0023,000a|0302||ff01-0023,000a|0303||ff01-0023,0005|0303||ff01-0023,000a|0303||ff01-0023,000a|0303||ff01-0023
86.97.11.43,86.97.11.43,29d29d15d29d29d00042d42d00000061256d32ed7779c14686ad100544dc8d,c02f|0303|http/1.1|ff01-0001-000b-0023-0010-0017,c02f|0303|http/1.1|ff01-0001-000b-0023-0010-0017,009e|0303|http/1.1|ff01-0001-0023-0010-0017,c02f|0303|http/1.1|ff01-0001-000b-0023-0010-0017,c02f|0303|http/1.1|ff01-0001-000b-0023-0010-0017,|||,1302|0303||002b-0033,1302|0303||002b-0033,|||,|||
187.207.47.198,187.207.47.198,04d02d00004d04d04c04d02d04d04d9674c6b4e623ae36cc2d998e99e2262e,000a|0303||ff01-0023,0005|0303||ff01-0023,|||,000a|0303||ff01-0023,000a|0303||ff01-0023,000a|0302||ff01-0023,000a|0303||ff01-0023,0005|0303||ff01-0023,000a|0303||ff01-0023,000a|0303||ff01-0023
181.208.248.227,181.208.248.227,04d02d00004d04d04c04d02d04d04d9674c6b4e623ae36cc2d998e99e2262e,000a|0303||ff01-0023,0005|0303||ff01-0023,|||,000a|0303||ff01-0023,000a|0303||ff01-0023,000a|0302||ff01-0023,000a|0303||ff01-0023,0005|0303||ff01-0023,000a|0303||ff01-0023,000a|0303||ff01-0023
39.49.94.35,39.49.94.35,04d02d00004d04d04c04d02d04d04d9674c6b4e623ae36cc2d998e99e2262e,000a|0303||ff01-0023,0005|0303||ff01-0023,|||,000a|0303||ff01-0023,000a|0303||ff01-0023,000a|0302||ff01-0023,000a|0303||ff01-0023,0005|0303||ff01-0023,000a|0303||ff01-0023,000a|0303||ff01-0023
190.206.211.182,190.206.211.182,08c08c00008c08c08c08c08c08c08ce3b0c44298fc1c149afbf4c8996fb924,0035|0302||,0035|0302||,|||,0035|0302||,0035|0302||,0035|0302||,0035|0302||,0035|0302||,0035|0302||,0035|0302||
182.191.92.203,182.191.92.203,04d02d00004d04d04c04d02d04d04d9674c6b4e623ae36cc2d998e99e2262e,000a|0303||ff01-0023,0005|0303||ff01-0023,|||,000a|0303||ff01-0023,000a|0303||ff01-0023,000a|0302||ff01-0023,000a|0303||ff01-0023,0005|0303||ff01-0023,000a|0303||ff01-0023,000a|0303||ff01-0023
142.184.161.168,142.184.161.168,04d02d00004d04d04c04d02d04d04d9674c6b4e623ae36cc2d998e99e2262e,000a|0303||ff01-0023,0005|0303||ff01-0023,|||,000a|0303||ff01-0023,000a|0303||ff01-0023,000a|0302||ff01-0023,000a|0303||ff01-0023,0005|0303||ff01-0023,000a|0303||ff01-0023,000a|0303||ff01-0023
202.134.152.2,202.134.152.2,04d02d00004d04d04c04d02d04d04d9674c6b4e623ae36cc2d998e99e2262e,000a|0303||ff01-0023,0005|0303||ff01-0023,|||,000a|0303||ff01-0023,000a|0303||ff01-0023,000a|0302||ff01-0023,000a|0303||ff01-0023,0005|0303||ff01-0023,000a|0303||ff01-0023,000a|0303||ff01-0023
117.248.109.38,117.248.109.38,04d02d00004d04d04c04d02d04d04d9674c6b4e623ae36cc2d998e99e2262e,000a|0303||ff01-0023,0005|0303||ff01-0023,|||,000a|0303||ff01-0023,000a|0303||ff01-0023,000a|0302||ff01-0023,000a|0303||ff01-0023,0005|0303||ff01-0023,000a|0303||ff01-0023,000a|0303||ff01-0023
111.125.245.118,111.125.245.118,04d02d00004d04d04c04d02d04d04d9674c6b4e623ae36cc2d998e99e2262e,000a|0303||ff01-0023,0005|0303||ff01-0023,|||,000a|0303||ff01-0023,000a|0303||ff01-0023,000a|0302||ff01-0023,000a|0303||ff01-0023,0005|0303||ff01-0023,000a|0303||ff01-0023,000a|0303||ff01-0023
103.87.95.133,103.87.95.133,04d02d00004d04d04c04d02d04d04d9674c6b4e623ae36cc2d998e99e2262e,000a|0303||ff01-0023,0005|0303||ff01-0023,|||,000a|0303||ff01-0023,000a|0303||ff01-0023,000a|0302||ff01-0023,000a|0303||ff01-0023,0005|0303||ff01-0023,000a|0303||ff01-0023,000a|0303||ff01-0023
179.174.52.27,179.174.52.27,04d02d00004d04d04c04d02d04d04d9674c6b4e623ae36cc2d998e99e2262e,000a|0303||ff01-0023,0005|0303||ff01-0023,|||,000a|0303||ff01-0023,000a|0303||ff01-0023,000a|0302||ff01-0023,000a|0303||ff01-0023,0005|0303||ff01-0023,000a|0303||ff01-0023,000a|0303||ff01-0023
103.88.226.30,103.88.226.30,04d02d00004d04d04c04d02d04d04d9674c6b4e623ae36cc2d998e99e2262e,000a|0303||ff01-0023,0005|0303||ff01-0023,|||,000a|0303||ff01-0023,000a|0303||ff01-0023,000a|0302||ff01-0023,000a|0303||ff01-0023,0005|0303||ff01-0023,000a|0303||ff01-0023,000a|0303||ff01-0023
210.246.4.69,210.246.4.69,04d02d00004d04d04c04d02d04d04d9674c6b4e623ae36cc2d998e99e2262e,000a|0303||ff01-0023,0005|0303||ff01-0023,|||,000a|0303||ff01-0023,000a|0303||ff01-0023,000a|0302||ff01-0023,000a|0303||ff01-0023,0005|0303||ff01-0023,000a|0303||ff01-0023,000a|0303||ff01-0023
102.182.232.3,102.182.232.3,04d02d00004d04d04c04d02d04d04d9674c6b4e623ae36cc2d998e99e2262e,000a|0303||ff01-0023,0005|0303||ff01-0023,|||,000a|0303||ff01-0023,000a|0303||ff01-0023,000a|0302||ff01-0023,000a|0303||ff01-0023,0005|0303||ff01-0023,000a|0303||ff01-0023,000a|0303||ff01-0023
189.27.113.73,189.27.113.73,04d02d00004d04d04c04d02d04d04d9674c6b4e623ae36cc2d998e99e2262e,000a|0303||ff01-0023,0005|0303||ff01-0023,|||,000a|0303||ff01-0023,000a|0303||ff01-0023,000a|0302||ff01-0023,000a|0303||ff01-0023,0005|0303||ff01-0023,000a|0303||ff01-0023,000a|0303||ff01-0023
203.122.46.130,203.122.46.130,04d02d00004d04d04c04d02d04d04d9674c6b4e623ae36cc2d998e99e2262e,000a|0303||ff01-0023,0005|0303||ff01-0023,|||,000a|0303||ff01-0023,000a|0303||ff01-0023,000a|0302||ff01-0023,000a|0303||ff01-0023,0005|0303||ff01-0023,000a|0303||ff01-0023,000a|0303||ff01-0023
47.180.172.159,47.180.172.159,00000000000000000000000000000000000000000000000000000000000000,|||,|||,|||,|||,|||,|||,|||,|||,|||,|||
103.107.113.120,103.107.113.120,04d02d00004d04d04c04d02d04d04d9674c6b4e623ae36cc2d998e99e2262e,000a|0303||ff01-0023,0005|0303||ff01-0023,|||,000a|0303||ff01-0023,000a|0303||ff01-0023,000a|0302||ff01-0023,000a|0303||ff01-0023,0005|0303||ff01-0023,000a|0303||ff01-0023,000a|0303||ff01-0023
102.140.71.40,102.140.71.40,2ad2ad16d2ad2ad22c2ad2ad2ad2ad5c2dc978d8cf71e405696a935137e2c3,c030|0303|h2|0000-ff01-000b-0023-0010,c030|0303|http/1.0|0000-ff01-000b-0023-0010,009f|0303|http/1.0|0000-ff01-0023-0010,c030|0303|http/1.0|0000-ff01-000b-0023-0010,c030|0303|http/1.0|0000-ff01-000b-0023-0010,c014|0302|http/1.0|0000-ff01-000b-0023-0010,c030|0303|h2|0000-ff01-000b-0023-0010,c030|0303|http/1.0|0000-ff01-000b-0023-0010,c030|0303|http/1.0|0000-ff01-000b-0023-0010,c030|0303|h2|0000-ff01-000b-0023-0010
1.161.126.64,1.161.126.64,04d02d00004d04d04c04d02d04d04d9674c6b4e623ae36cc2d998e99e2262e,000a|0303||ff01-0023,0005|0303||ff01-0023,|||,000a|0303||ff01-0023,000a|0303||ff01-0023,000a|0302||ff01-0023,000a|0303||ff01-0023,0005|0303||ff01-0023,000a|0303||ff01-0023,000a|0303||ff01-0023
121.7.223.59,121.7.223.59,04d02d00004d04d04c04d02d04d04d9674c6b4e623ae36cc2d998e99e2262e,000a|0303||ff01-0023,0005|0303||ff01-0023,|||,000a|0303||ff01-0023,000a|0303||ff01-0023,000a|0302||ff01-0023,000a|0303||ff01-0023,0005|0303||ff01-0023,000a|0303||ff01-0023,000a|0303||ff01-0023
120.150.218.241,120.150.218.241,04d02d00004d04d04c04d02d04d04d9674c6b4e623ae36cc2d998e99e2262e,000a|0303||ff01-0023,0005|0303||ff01-0023,|||,000a|0303||ff01-0023,000a|0303||ff01-0023,000a|0302||ff01-0023,000a|0303||ff01-0023,0005|0303||ff01-0023,000a|0303||ff01-0023,000a|0303||ff01-0023
208.107.221.224,208.107.221.224,00000000000000000000000000000000000000000000000000000000000000,|||,|||,|||,|||,|||,|||,|||,|||,|||,|||
41.228.22.180,41.228.22.180,00000000000000000000000000000000000000000000000000000000000000,|||,|||,|||,|||,|||,|||,|||,|||,|||,|||
68.204.7.158,68.204.7.158,00000000000000000000000000000000000000000000000000000000000000,|||,|||,|||,|||,|||,|||,|||,|||,|||,|||
75.188.35.168,75.188.35.168,00000000000000000000000000000000000000000000000000000000000000,|||,|||,|||,|||,|||,|||,|||,|||,|||,|||
24.229.150.54,24.229.150.54,00000000000000000000000000000000000000000000000000000000000000,|||,|||,|||,|||,|||,|||,|||,|||,|||,|||
93.48.80.198,93.48.80.198,00000000000000000000000000000000000000000000000000000000000000,|||,|||,|||,|||,|||,|||,|||,|||,|||,|||
24.55.67.176,24.55.67.176,00000000000000000000000000000000000000000000000000000000000000,|||,|||,|||,|||,|||,|||,|||,|||,|||,|||
176.88.238.122,176.88.238.122,00000000000000000000000000000000000000000000000000000000000000,|||,|||,|||,|||,|||,|||,|||,|||,|||,|||
73.151.236.31,73.151.236.31,00000000000000000000000000000000000000000000000000000000000000,|||,|||,|||,|||,|||,|||,|||,|||,|||,|||
113.11.89.170,113.11.89.170,00000000000000000000000000000000000000000000000000000000000000,|||,|||,|||,|||,|||,|||,|||,|||,|||,|||
63.143.92.99,63.143.92.99,00000000000000000000000000000000000000000000000000000000000000,|||,|||,|||,|||,|||,|||,|||,|||,|||,|||
217.17.56.163,217.17.56.163,00000000000000000000000000000000000000000000000000000000000000,|||,|||,|||,|||,|||,|||,|||,|||,|||,|||
72.66.116.235,72.66.116.235,00000000000000000000000000000000000000000000000000000000000000,|||,|||,|||,|||,|||,|||,|||,|||,|||,|||
103.87.95.131,103.87.95.131,00000000000000000000000000000000000000000000000000000000000000,|||,|||,|||,|||,|||,|||,|||,|||,|||,|||
69.159.200.138,69.159.200.138,00000000000000000000000000000000000000000000000000000000000000,|||,|||,|||,|||,|||,|||,|||,|||,|||,|||
124.41.193.166,124.41.193.166,00000000000000000000000000000000000000000000000000000000000000,|||,|||,|||,|||,|||,|||,|||,|||,|||,|||
75.159.9.236,75.159.9.236,00000000000000000000000000000000000000000000000000000000000000,|||,|||,|||,|||,|||,|||,|||,|||,|||,|||
189.146.51.56,189.146.51.56,00000000000000000000000000000000000000000000000000000000000000,|||,|||,|||,|||,|||,|||,|||,|||,|||,|||
92.177.45.46,92.177.45.46,00000000000000000000000000000000000000000000000000000000000000,|||,|||,|||,|||,|||,|||,|||,|||,|||,|||
190.73.3.148,190.73.3.148,00000000000000000000000000000000000000000000000000000000000000,|||,|||,|||,|||,|||,|||,|||,|||,|||,|||
201.170.181.247,201.170.181.247,00000000000000000000000000000000000000000000000000000000000000,|||,|||,|||,|||,|||,|||,|||,|||,|||,|||
45.46.53.140,45.46.53.140,00000000000000000000000000000000000000000000000000000000000000,|||,|||,|||,|||,|||,|||,|||,|||,|||,|||
5.32.41.45,5.32.41.45,00000000000000000000000000000000000000000000000000000000000000,|||,|||,|||,|||,|||,|||,|||,|||,|||,|||
175.145.235.37,175.145.235.37,00000000000000000000000000000000000000000000000000000000000000,|||,|||,|||,|||,|||,|||,|||,|||,|||,|||
96.37.113.36,96.37.113.36,00000000000000000000000000000000000000000000000000000000000000,|||,|||,|||,|||,|||,|||,|||,|||,|||,|||
86.195.158.178,86.195.158.178,00000000000000000000000000000000000000000000000000000000000000,|||,|||,|||,|||,|||,|||,|||,|||,|||,|||
5.95.58.211,5.95.58.211,00000000000000000000000000000000000000000000000000000000000000,|||,|||,|||,|||,|||,|||,|||,|||,|||,|||
72.252.201.34,72.252.201.34,00000000000000000000000000000000000000000000000000000000000000,|||,|||,|||,|||,|||,|||,|||,|||,|||,|||
114.79.148.170,114.79.148.170,00000000000000000000000000000000000000000000000000000000000000,|||,|||,|||,|||,|||,|||,|||,|||,|||,|||
72.252.201.34,72.252.201.34,00000000000000000000000000000000000000000000000000000000000000,|||,|||,|||,|||,|||,|||,|||,|||,|||,|||
76.69.155.202,76.69.155.202,00000000000000000000000000000000000000000000000000000000000000,|||,|||,|||,|||,|||,|||,|||,|||,|||,|||
108.4.67.252,108.4.67.252,00000000000000000000000000000000000000000000000000000000000000,|||,|||,|||,|||,|||,|||,|||,|||,|||,|||
172.115.177.204,172.115.177.204,00000000000000000000000000000000000000000000000000000000000000,|||,|||,|||,|||,|||,|||,|||,|||,|||,|||
76.70.9.169,76.70.9.169,00000000000000000000000000000000000000000000000000000000000000,|||,|||,|||,|||,|||,|||,|||,|||,|||,|||
70.51.135.39,70.51.135.39,00000000000000000000000000000000000000000000000000000000000000,|||,|||,|||,|||,|||,|||,|||,|||,|||,|||
73.67.152.98,73.67.152.98,00000000000000000000000000000000000000000000000000000000000000,|||,|||,|||,|||,|||,|||,|||,|||,|||,|||
96.21.251.127,96.21.251.127,00000000000000000000000000000000000000000000000000000000000000,|||,|||,|||,|||,|||,|||,|||,|||,|||,|||
180.233.150.134,180.233.150.134,00000000000000000000000000000000000000000000000000000000000000,|||,|||,|||,|||,|||,|||,|||,|||,|||,|||
186.10.247.110,186.10.247.110,00000000000000000000000000000000000000000000000000000000000000,|||,|||,|||,|||,|||,|||,|||,|||,|||,|||
217.17.56.163,217.17.56.163,00000000000000000000000000000000000000000000000000000000000000,|||,|||,|||,|||,|||,|||,|||,|||,|||,|||
76.169.147.192,76.169.147.192,00000000000000000000000000000000000000000000000000000000000000,|||,|||,|||,|||,|||,|||,|||,|||,|||,|||
103.116.178.85,103.116.178.85,00000000000000000000000000000000000000000000000000000000000000,|||,|||,|||,|||,|||,|||,|||,|||,|||,|||
78.96.235.245,78.96.235.245,00000000000000000000000000000000000000000000000000000000000000,|||,|||,|||,|||,|||,|||,|||,|||,|||,|||
47.158.25.67,47.158.25.67,00000000000000000000000000000000000000000000000000000000000000,|||,|||,|||,|||,|||,|||,|||,|||,|||,|||
67.165.206.193,67.165.206.193,00000000000000000000000000000000000000000000000000000000000000,|||,|||,|||,|||,|||,|||,|||,|||,|||,|||
76.23.237.163,76.23.237.163,00000000000000000000000000000000000000000000000000000000000000,|||,|||,|||,|||,|||,|||,|||,|||,|||,|||
103.230.180.119,103.230.180.119,00000000000000000000000000000000000000000000000000000000000000,|||,|||,|||,|||,|||,|||,|||,|||,|||,|||
109.12.111.14,109.12.111.14,00000000000000000000000000000000000000000000000000000000000000,|||,|||,|||,|||,|||,|||,|||,|||,|||,|||
100.1.108.246,100.1.108.246,00000000000000000000000000000000000000000000000000000000000000,|||,|||,|||,|||,|||,|||,|||,|||,|||,|||
103.139.242.30,103.139.242.30,00000000000000000000000000000000000000000000000000000000000000,|||,|||,|||,|||,|||,|||,|||,|||,|||,|||
86.98.27.253,86.98.27.253,00000000000000000000000000000000000000000000000000000000000000,|||,|||,|||,|||,|||,|||,|||,|||,|||,|||
103.139.242.30,103.139.242.30,00000000000000000000000000000000000000000000000000000000000000,|||,|||,|||,|||,|||,|||,|||,|||,|||,|||
173.21.10.71,173.21.10.71,00000000000000000000000000000000000000000000000000000000000000,|||,|||,|||,|||,|||,|||,|||,|||,|||,|||
47.156.191.217,47.156.191.217,00000000000000000000000000000000000000000000000000000000000000,|||,|||,|||,|||,|||,|||,|||,|||,|||,|||
31.215.69.127,31.215.69.127,00000000000000000000000000000000000000000000000000000000000000,|||,|||,|||,|||,|||,|||,|||,|||,|||,|||
37.211.176.26,37.211.176.26,00000000000000000000000000000000000000000000000000000000000000,|||,|||,|||,|||,|||,|||,|||,|||,|||,|||
74.15.2.252,74.15.2.252,00000000000000000000000000000000000000000000000000000000000000,|||,|||,|||,|||,|||,|||,|||,|||,|||,|||
73.59.201.174,73.59.201.174,00000000000000000000000000000000000000000000000000000000000000,|||,|||,|||,|||,|||,|||,|||,|||,|||,|||
31.35.28.29,31.35.28.29,00000000000000000000000000000000000000000000000000000000000000,|||,|||,|||,|||,|||,|||,|||,|||,|||,|||
206.217.0.154,206.217.0.154,00000000000000000000000000000000000000000000000000000000000000,|||,|||,|||,|||,|||,|||,|||,|||,|||,|||
78.188.76.167,78.188.76.167,00000000000000000000000000000000000000000000000000000000000000,|||,|||,|||,|||,|||,|||,|||,|||,|||,|||
125.24.107.190,125.24.107.190,00000000000000000000000000000000000000000000000000000000000000,|||,|||,|||,|||,|||,|||,|||,|||,|||,|||
91.177.173.10,91.177.173.10,00000000000000000000000000000000000000000000000000000000000000,|||,|||,|||,|||,|||,|||,|||,|||,|||,|||
71.74.12.34,71.74.12.34,00000000000000000000000000000000000000000000000000000000000000,|||,|||,|||,|||,|||,|||,|||,|||,|||,|||
72.252.201.34,72.252.201.34,00000000000000000000000000000000000000000000000000000000000000,|||,|||,|||,|||,|||,|||,|||,|||,|||,|||
183.82.103.213,183.82.103.213,00000000000000000000000000000000000000000000000000000000000000,|||,|||,|||,|||,|||,|||,|||,|||,|||,|||
191.99.191.28,191.99.191.28,00000000000000000000000000000000000000000000000000000000000000,|||,|||,|||,|||,|||,|||,|||,|||,|||,|||
47.156.131.10,47.156.131.10,00000000000000000000000000000000000000000000000000000000000000,|||,|||,|||,|||,|||,|||,|||,|||,|||,|||
82.41.63.217,82.41.63.217,00000000000000000000000000000000000000000000000000000000000000,|||,|||,|||,|||,|||,|||,|||,|||,|||,|||
89.137.52.44,89.137.52.44,00000000000000000000000000000000000000000000000000000000000000,|||,|||,|||,|||,|||,|||,|||,|||,|||,|||
106.51.48.170,106.51.48.170,00000000000000000000000000000000000000000000000000000000000000,|||,|||,|||,|||,|||,|||,|||,|||,|||,|||
121.74.182.236,121.74.182.236,00000000000000000000000000000000000000000000000000000000000000,|||,|||,|||,|||,|||,|||,|||,|||,|||,|||
2.34.12.8,2.34.12.8,00000000000000000000000000000000000000000000000000000000000000,|||,|||,|||,|||,|||,|||,|||,|||,|||,|||
76.25.142.196,76.25.142.196,00000000000000000000000000000000000000000000000000000000000000,|||,|||,|||,|||,|||,|||,|||,|||,|||,|||
24.43.99.75,24.43.99.75,00000000000000000000000000000000000000000000000000000000000000,|||,|||,|||,|||,|||,|||,|||,|||,|||,|||
2.42.176.91,2.42.176.91,00000000000000000000000000000000000000000000000000000000000000,|||,|||,|||,|||,|||,|||,|||,|||,|||,|||
32.221.225.247,32.221.225.247,00000000000000000000000000000000000000000000000000000000000000,|||,|||,|||,|||,|||,|||,|||,|||,|||,|||
79.52.204.9,79.52.204.9,00000000000000000000000000000000000000000000000000000000000000,|||,|||,|||,|||,|||,|||,|||,|||,|||,|||
70.57.207.83,70.57.207.83,00000000000000000000000000000000000000000000000000000000000000,|||,|||,|||,|||,|||,|||,|||,|||,|||,|||
89.86.33.217,89.86.33.217,00000000000000000000000000000000000000000000000000000000000000,|||,|||,|||,|||,|||,|||,|||,|||,|||,|||
47.180.172.159,47.180.172.159,00000000000000000000000000000000000000000000000000000000000000,|||,|||,|||,|||,|||,|||,|||,|||,|||,|||
72.12.115.90,72.12.115.90,00000000000000000000000000000000000000000000000000000000000000,|||,|||,|||,|||,|||,|||,|||,|||,|||,|||
201.172.231.204,201.172.231.204,00000000000000000000000000000000000000000000000000000000000000,|||,|||,|||,|||,|||,|||,|||,|||,|||,|||
105.186.127.127,105.186.127.127,00000000000000000000000000000000000000000000000000000000000000,|||,|||,|||,|||,|||,|||,|||,|||,|||,|||
201.172.31.135,201.172.31.135,00000000000000000000000000000000000000000000000000000000000000,|||,|||,|||,|||,|||,|||,|||,|||,|||,|||
37.186.54.166,37.186.54.166,00000000000000000000000000000000000000000000000000000000000000,|||,|||,|||,|||,|||,|||,|||,|||,|||,|||
37.152.80.105,37.152.80.105,00000000000000000000000000000000000000000000000000000000000000,|||,|||,|||,|||,|||,|||,|||,|||,|||,|||
83.110.85.209,83.110.85.209,00000000000000000000000000000000000000000000000000000000000000,|||,|||,|||,|||,|||,|||,|||,|||,|||,|||
177.134.208.155,177.134.208.155,00000000000000000000000000000000000000000000000000000000000000,|||,|||,|||,|||,|||,|||,|||,|||,|||,|||
92.96.183.242,92.96.183.242,00000000000000000000000000000000000000000000000000000000000000,|||,|||,|||,|||,|||,|||,|||,|||,|||,|||
94.36.190.252,94.36.190.252,00000000000000000000000000000000000000000000000000000000000000,|||,|||,|||,|||,|||,|||,|||,|||,|||,|||
174.69.215.101,174.69.215.101,00000000000000000000000000000000000000000000000000000000000000,|||,|||,|||,|||,|||,|||,|||,|||,|||,|||
209.180.70.25,209.180.70.25,00000000000000000000000000000000000000000000000000000000000000,|||,|||,|||,|||,|||,|||,|||,|||,|||,|||
39.49.106.26,39.49.106.26,00000000000000000000000000000000000000000000000000000000000000,|||,|||,|||,|||,|||,|||,|||,|||,|||,|||
217.164.118.117,217.164.118.117,00000000000000000000000000000000000000000000000000000000000000,|||,|||,|||,|||,|||,|||,|||,|||,|||,|||
195.32.57.18,195.32.57.18,00000000000000000000000000000000000000000000000000000000000000,|||,|||,|||,|||,|||,|||,|||,|||,|||,|||
188.50.49.149,188.50.49.149,00000000000000000000000000000000000000000000000000000000000000,|||,|||,|||,|||,|||,|||,|||,|||,|||,|||
161.142.56.8,161.142.56.8,00000000000000000000000000000000000000000000000000000000000000,|||,|||,|||,|||,|||,|||,|||,|||,|||,|||
143.0.34.185,143.0.34.185,00000000000000000000000000000000000000000000000000000000000000,|||,|||,|||,|||,|||,|||,|||,|||,|||,|||
201.103.6.221,201.103.6.221,00000000000000000000000000000000000000000000000000000000000000,|||,|||,|||,|||,|||,|||,|||,|||,|||,|||
217.164.117.187,217.164.117.187,00000000000000000000000000000000000000000000000000000000000000,|||,|||,|||,|||,|||,|||,|||,|||,|||,|||
148.64.96.100,148.64.96.100,00000000000000000000000000000000000000000000000000000000000000,|||,|||,|||,|||,|||,|||,|||,|||,|||,|||
187.207.7.231,187.207.7.231,00000000000000000000000000000000000000000000000000000000000000,|||,|||,|||,|||,|||,|||,|||,|||,|||,|||
40.134.246.185,40.134.246.185,00000000000000000000000000000000000000000000000000000000000000,|||,|||,|||,|||,|||,|||,|||,|||,|||,|||
207.170.238.231,207.170.238.231,00000000000000000000000000000000000000000000000000000000000000,|||,|||,|||,|||,|||,|||,|||,|||,|||,|||
103.88.226.82,103.88.226.82,00000000000000000000000000000000000000000000000000000000000000,|||,|||,|||,|||,|||,|||,|||,|||,|||,|||
187.207.48.194,187.207.48.194,00000000000000000000000000000000000000000000000000000000000000,|||,|||,|||,|||,|||,|||,|||,|||,|||,|||
87.139.163.216,87.139.163.216,00000000000000000000000000000000000000000000000000000000000000,|||,|||,|||,|||,|||,|||,|||,|||,|||,|||
197.161.137.196,197.161.137.196,00000000000000000000000000000000000000000000000000000000000000,|||,|||,|||,|||,|||,|||,|||,|||,|||,|||
39.44.151.33,39.44.151.33,00000000000000000000000000000000000000000000000000000000000000,|||,|||,|||,|||,|||,|||,|||,|||,|||,|||
197.92.138.54,197.92.138.54,00000000000000000000000000000000000000000000000000000000000000,|||,|||,|||,|||,|||,|||,|||,|||,|||,|||
217.164.118.117,217.164.118.117,00000000000000000000000000000000000000000000000000000000000000,|||,|||,|||,|||,|||,|||,|||,|||,|||,|||
81.60.218.17,81.60.218.17,00000000000000000000000000000000000000000000000000000000000000,|||,|||,|||,|||,|||,|||,|||,|||,|||,|||
81.132.186.248,81.132.186.248,00000000000000000000000000000000000000000000000000000000000000,|||,|||,|||,|||,|||,|||,|||,|||,|||,|||
102.156.37.51,102.156.37.51,00000000000000000000000000000000000000000000000000000000000000,|||,|||,|||,|||,|||,|||,|||,|||,|||,|||
186.106.197.52,186.106.197.52,00000000000000000000000000000000000000000000000000000000000000,|||,|||,|||,|||,|||,|||,|||,|||,|||,|||
83.110.75.97,83.110.75.97,00000000000000000000000000000000000000000000000000000000000000,|||,|||,|||,|||,|||,|||,|||,|||,|||,|||
83.110.85.209,83.110.85.209,00000000000000000000000000000000000000000000000000000000000000,|||,|||,|||,|||,|||,|||,|||,|||,|||,|||
191.205.7.5,191.205.7.5,00000000000000000000000000000000000000000000000000000000000000,|||,|||,|||,|||,|||,|||,|||,|||,|||,|||
70.51.132.235,70.51.132.235,00000000000000000000000000000000000000000000000000000000000000,|||,|||,|||,|||,|||,|||,|||,|||,|||,|||
129.208.128.102,129.208.128.102,00000000000000000000000000000000000000000000000000000000000000,|||,|||,|||,|||,|||,|||,|||,|||,|||,|||
143.0.219.6,143.0.219.6,00000000000000000000000000000000000000000000000000000000000000,|||,|||,|||,|||,|||,|||,|||,|||,|||,|||
81.60.216.223,81.60.216.223,00000000000000000000000000000000000000000000000000000000000000,|||,|||,|||,|||,|||,|||,|||,|||,|||,|||
1.161.80.99,1.161.80.99,00000000000000000000000000000000000000000000000000000000000000,|||,|||,|||,|||,|||,|||,|||,|||,|||,|||
39.44.127.250,39.44.127.250,00000000000000000000000000000000000000000000000000000000000000,|||,|||,|||,|||,|||,|||,|||,|||,|||,|||
86.180.31.38,86.180.31.38,00000000000000000000000000000000000000000000000000000000000000,|||,|||,|||,|||,|||,|||,|||,|||,|||,|||
1.161.80.99,1.161.80.99,00000000000000000000000000000000000000000000000000000000000000,|||,|||,|||,|||,|||,|||,|||,|||,|||,|||
105.225.175.168,105.225.175.168,00000000000000000000000000000000000000000000000000000000000000,|||,|||,|||,|||,|||,|||,|||,|||,|||,|||
217.165.85.224,217.165.85.224,00000000000000000000000000000000000000000000000000000000000000,|||,|||,|||,|||,|||,|||,|||,|||,|||,|||
101.190.95.16,101.190.95.16,00000000000000000000000000000000000000000000000000000000000000,|||,|||,|||,|||,|||,|||,|||,|||,|||,|||
90.120.65.153,90.120.65.153,00000000000000000000000000000000000000000000000000000000000000,|||,|||,|||,|||,|||,|||,|||,|||,|||,|||
102.140.71.38,102.140.71.38,00000000000000000000000000000000000000000000000000000000000000,|||,|||,|||,|||,|||,|||,|||,|||,|||,|||
197.89.109.60,197.89.109.60,00000000000000000000000000000000000000000000000000000000000000,|||,|||,|||,|||,|||,|||,|||,|||,|||,|||
187.102.135.142,187.102.135.142,00000000000000000000000000000000000000000000000000000000000000,|||,|||,|||,|||,|||,|||,|||,|||,|||,|||
201.211.64.196,201.211.64.196,00000000000000000000000000000000000000000000000000000000000000,|||,|||,|||,|||,|||,|||,|||,|||,|||,|||
82.84.66.211,82.84.66.211,00000000000000000000000000000000000000000000000000000000000000,|||,|||,|||,|||,|||,|||,|||,|||,|||,|||
179.178.78.112,179.178.78.112,00000000000000000000000000000000000000000000000000000000000000,|||,|||,|||,|||,|||,|||,|||,|||,|||,|||
189.237.6.251,189.237.6.251,00000000000000000000000000000000000000000000000000000000000000,|||,|||,|||,|||,|||,|||,|||,|||,|||,|||
177.97.48.132,177.97.48.132,00000000000000000000000000000000000000000000000000000000000000,|||,|||,|||,|||,|||,|||,|||,|||,|||,|||
217.165.146.136,217.165.146.136,00000000000000000000000000000000000000000000000000000000000000,|||,|||,|||,|||,|||,|||,|||,|||,|||,|||
98.96.186.171,98.96.186.171,00000000000000000000000000000000000000000000000000000000000000,|||,|||,|||,|||,|||,|||,|||,|||,|||,|||
191.249.126.43,191.249.126.43,00000000000000000000000000000000000000000000000000000000000000,|||,|||,|||,|||,|||,|||,|||,|||,|||,|||
78.87.196.125,78.87.196.125,00000000000000000000000000000000000000000000000000000000000000,|||,|||,|||,|||,|||,|||,|||,|||,|||,|||
120.61.2.215,120.61.2.215,00000000000000000000000000000000000000000000000000000000000000,|||,|||,|||,|||,|||,|||,|||,|||,|||,|||
92.96.183.242,92.96.183.242,00000000000000000000000000000000000000000000000000000000000000,|||,|||,|||,|||,|||,|||,|||,|||,|||,|||
187.195.98.155,187.195.98.155,00000000000000000000000000000000000000000000000000000000000000,|||,|||,|||,|||,|||,|||,|||,|||,|||,|||
87.17.45.67,87.17.45.67,00000000000000000000000000000000000000000000000000000000000000,|||,|||,|||,|||,|||,|||,|||,|||,|||,|||
125.24.101.65,125.24.101.65,00000000000000000000000000000000000000000000000000000000000000,|||,|||,|||,|||,|||,|||,|||,|||,|||,|||
1.161.126.13,1.161.126.13,00000000000000000000000000000000000000000000000000000000000000,|||,|||,|||,|||,|||,|||,|||,|||,|||,|||
1.161.126.13,1.161.126.13,00000000000000000000000000000000000000000000000000000000000000,|||,|||,|||,|||,|||,|||,|||,|||,|||,|||
78.101.91.50,78.101.91.50,00000000000000000000000000000000000000000000000000000000000000,|||,|||,|||,|||,|||,|||,|||,|||,|||,|||
186.64.67.46,186.64.67.46,00000000000000000000000000000000000000000000000000000000000000,|||,|||,|||,|||,|||,|||,|||,|||,|||,|||
189.237.58.13,189.237.58.13,00000000000000000000000000000000000000000000000000000000000000,|||,|||,|||,|||,|||,|||,|||,|||,|||,|||
45.241.152.155,45.241.152.155,00000000000000000000000000000000000000000000000000000000000000,|||,|||,|||,|||,|||,|||,|||,|||,|||,|||
201.145.226.223,201.145.226.223,00000000000000000000000000000000000000000000000000000000000000,|||,|||,|||,|||,|||,|||,|||,|||,|||,|||
46.198.215.60,46.198.215.60,00000000000000000000000000000000000000000000000000000000000000,|||,|||,|||,|||,|||,|||,|||,|||,|||,|||
70.51.134.168,70.51.134.168,00000000000000000000000000000000000000000000000000000000000000,|||,|||,|||,|||,|||,|||,|||,|||,|||,|||
31.215.185.59,31.215.185.59,00000000000000000000000000000000000000000000000000000000000000,|||,|||,|||,|||,|||,|||,|||,|||,|||,|||
187.58.245.168,187.58.245.168,00000000000000000000000000000000000000000000000000000000000000,|||,|||,|||,|||,|||,|||,|||,|||,|||,|||
129.208.19.253,129.208.19.253,00000000000000000000000000000000000000000000000000000000000000,|||,|||,|||,|||,|||,|||,|||,|||,|||,|||
78.101.88.134,78.101.88.134,00000000000000000000000000000000000000000000000000000000000000,|||,|||,|||,|||,|||,|||,|||,|||,|||,|||
179.158.105.44,179.158.105.44,00000000000000000000000000000000000000000000000000000000000000,|||,|||,|||,|||,|||,|||,|||,|||,|||,|||
92.132.135.233,92.132.135.233,00000000000000000000000000000000000000000000000000000000000000,|||,|||,|||,|||,|||,|||,|||,|||,|||,|||
187.208.97.145,187.208.97.145,00000000000000000000000000000000000000000000000000000000000000,|||,|||,|||,|||,|||,|||,|||,|||,|||,|||
39.33.197.68,39.33.197.68,00000000000000000000000000000000000000000000000000000000000000,|||,|||,|||,|||,|||,|||,|||,|||,|||,|||
78.161.215.162,78.161.215.162,00000000000000000000000000000000000000000000000000000000000000,|||,|||,|||,|||,|||,|||,|||,|||,|||,|||
1.161.75.18,1.161.75.18,00000000000000000000000000000000000000000000000000000000000000,|||,|||,|||,|||,|||,|||,|||,|||,|||,|||
102.159.151.222,102.159.151.222,00000000000000000000000000000000000000000000000000000000000000,|||,|||,|||,|||,|||,|||,|||,|||,|||,|||
181.62.0.59,181.62.0.59,00000000000000000000000000000000000000000000000000000000000000,|||,|||,|||,|||,|||,|||,|||,|||,|||,|||
66.98.42.102,66.98.42.102,00000000000000000000000000000000000000000000000000000000000000,|||,|||,|||,|||,|||,|||,|||,|||,|||,|||
209.197.176.40,209.197.176.40,00000000000000000000000000000000000000000000000000000000000000,|||,|||,|||,|||,|||,|||,|||,|||,|||,|||
39.57.23.5,39.57.23.5,00000000000000000000000000000000000000000000000000000000000000,|||,|||,|||,|||,|||,|||,|||,|||,|||,|||
120.61.1.185,120.61.1.185,00000000000000000000000000000000000000000000000000000000000000,|||,|||,|||,|||,|||,|||,|||,|||,|||,|||
45.241.207.212,45.241.207.212,00000000000000000000000000000000000000000000000000000000000000,|||,|||,|||,|||,|||,|||,|||,|||,|||,|||
39.44.144.159,39.44.144.159,00000000000000000000000000000000000000000000000000000000000000,|||,|||,|||,|||,|||,|||,|||,|||,|||,|||
201.103.199.197,201.103.199.197,00000000000000000000000000000000000000000000000000000000000000,|||,|||,|||,|||,|||,|||,|||,|||,|||,|||
78.167.216.171,78.167.216.171,00000000000000000000000000000000000000000000000000000000000000,|||,|||,|||,|||,|||,|||,|||,|||,|||,|||
200.58.84.99,200.58.84.99,00000000000000000000000000000000000000000000000000000000000000,|||,|||,|||,|||,|||,|||,|||,|||,|||,|||
102.65.38.90,102.65.38.90,00000000000000000000000000000000000000000000000000000000000000,|||,|||,|||,|||,|||,|||,|||,|||,|||,|||
189.146.126.190,189.146.126.190,00000000000000000000000000000000000000000000000000000000000000,|||,|||,|||,|||,|||,|||,|||,|||,|||,|||
85.1.164.37,85.1.164.37,00000000000000000000000000000000000000000000000000000000000000,|||,|||,|||,|||,|||,|||,|||,|||,|||,|||
187.250.114.15,187.250.114.15,00000000000000000000000000000000000000000000000000000000000000,|||,|||,|||,|||,|||,|||,|||,|||,|||,|||
96.29.208.97,96.29.208.97,00000000000000000000000000000000000000000000000000000000000000,|||,|||,|||,|||,|||,|||,|||,|||,|||,|||
201.145.189.252,201.145.189.252,00000000000000000000000000000000000000000000000000000000000000,|||,|||,|||,|||,|||,|||,|||,|||,|||,|||
64.121.162.220,64.121.162.220,00000000000000000000000000000000000000000000000000000000000000,|||,|||,|||,|||,|||,|||,|||,|||,|||,|||
217.164.117.187,217.164.117.187,00000000000000000000000000000000000000000000000000000000000000,|||,|||,|||,|||,|||,|||,|||,|||,|||,|||
81.60.217.44,81.60.217.44,00000000000000000000000000000000000000000000000000000000000000,|||,|||,|||,|||,|||,|||,|||,|||,|||,|||
83.110.75.225,83.110.75.225,00000000000000000000000000000000000000000000000000000000000000,|||,|||,|||,|||,|||,|||,|||,|||,|||,|||
78.100.206.189,78.100.206.189,00000000000000000000000000000000000000000000000000000000000000,|||,|||,|||,|||,|||,|||,|||,|||,|||,|||
85.246.82.244,85.246.82.244,00000000000000000000000000000000000000000000000000000000000000,|||,|||,|||,|||,|||,|||,|||,|||,|||,|||
78.87.206.213,78.87.206.213,00000000000000000000000000000000000000000000000000000000000000,|||,|||,|||,|||,|||,|||,|||,|||,|||,|||
79.129.121.68,79.129.121.68,00000000000000000000000000000000000000000000000000000000000000,|||,|||,|||,|||,|||,|||,|||,|||,|||,|||
86.97.247.20,86.97.247.20,00000000000000000000000000000000000000000000000000000000000000,|||,|||,|||,|||,|||,|||,|||,|||,|||,|||
70.51.138.126,70.51.138.126,00000000000000000000000000000000000000000000000000000000000000,|||,|||,|||,|||,|||,|||,|||,|||,|||,|||
187.251.132.155,187.251.132.155,00000000000000000000000000000000000000000000000000000000000000,|||,|||,|||,|||,|||,|||,|||,|||,|||,|||
83.110.157.57,83.110.157.57,00000000000000000000000000000000000000000000000000000000000000,|||,|||,|||,|||,|||,|||,|||,|||,|||,|||
197.87.144.193,197.87.144.193,00000000000000000000000000000000000000000000000000000000000000,|||,|||,|||,|||,|||,|||,|||,|||,|||,|||
181.118.183.98,181.118.183.98,00000000000000000000000000000000000000000000000000000000000000,|||,|||,|||,|||,|||,|||,|||,|||,|||,|||
39.49.46.114,39.49.46.114,00000000000000000000000000000000000000000000000000000000000000,|||,|||,|||,|||,|||,|||,|||,|||,|||,|||
78.100.225.12,78.100.225.12,00000000000000000000000000000000000000000000000000000000000000,|||,|||,|||,|||,|||,|||,|||,|||,|||,|||
31.215.185.59,31.215.185.59,00000000000000000000000000000000000000000000000000000000000000,|||,|||,|||,|||,|||,|||,|||,|||,|||,|||
180.183.128.80,180.183.128.80,00000000000000000000000000000000000000000000000000000000000000,|||,|||,|||,|||,|||,|||,|||,|||,|||,|||
45.241.145.252,45.241.145.252,00000000000000000000000000000000000000000000000000000000000000,|||,|||,|||,|||,|||,|||,|||,|||,|||,|||
190.252.242.69,190.252.242.69,00000000000000000000000000000000000000000000000000000000000000,|||,|||,|||,|||,|||,|||,|||,|||,|||,|||
75.113.214.234,75.113.214.234,00000000000000000000000000000000000000000000000000000000000000,|||,|||,|||,|||,|||,|||,|||,|||,|||,|||
81.60.217.218,81.60.217.218,00000000000000000000000000000000000000000000000000000000000000,|||,|||,|||,|||,|||,|||,|||,|||,|||,|||
197.162.118.178,197.162.118.178,00000000000000000000000000000000000000000000000000000000000000,|||,|||,|||,|||,|||,|||,|||,|||,|||,|||
88.235.143.36,88.235.143.36,00000000000000000000000000000000000000000000000000000000000000,|||,|||,|||,|||,|||,|||,|||,|||,|||,|||
78.100.227.177,78.100.227.177,00000000000000000000000000000000000000000000000000000000000000,|||,|||,|||,|||,|||,|||,|||,|||,|||,|||
186.64.67.38,186.64.67.38,00000000000000000000000000000000000000000000000000000000000000,|||,|||,|||,|||,|||,|||,|||,|||,|||,|||
94.59.56.162,94.59.56.162,00000000000000000000000000000000000000000000000000000000000000,|||,|||,|||,|||,|||,|||,|||,|||,|||,|||
112.199.148.55,112.199.148.55,00000000000000000000000000000000000000000000000000000000000000,|||,|||,|||,|||,|||,|||,|||,|||,|||,|||
89.211.181.64,89.211.181.64,00000000000000000000000000000000000000000000000000000000000000,|||,|||,|||,|||,|||,|||,|||,|||,|||,|||
94.59.56.162,94.59.56.162,00000000000000000000000000000000000000000000000000000000000000,|||,|||,|||,|||,|||,|||,|||,|||,|||,|||
217.165.109.212,217.165.109.212,00000000000000000000000000000000000000000000000000000000000000,|||,|||,|||,|||,|||,|||,|||,|||,|||,|||
140.0.161.213,140.0.161.213,00000000000000000000000000000000000000000000000000000000000000,|||,|||,|||,|||,|||,|||,|||,|||,|||,|||
86.220.98.71,86.220.98.71,00000000000000000000000000000000000000000000000000000000000000,|||,|||,|||,|||,|||,|||,|||,|||,|||,|||
92.154.9.41,92.154.9.41,00000000000000000000000000000000000000000000000000000000000000,|||,|||,|||,|||,|||,|||,|||,|||,|||,|||
144.136.35.102,144.136.35.102,00000000000000000000000000000000000000000000000000000000000000,|||,|||,|||,|||,|||,|||,|||,|||,|||,|||
189.176.231.229,189.176.231.229,00000000000000000000000000000000000000000000000000000000000000,|||,|||,|||,|||,|||,|||,|||,|||,|||,|||
41.38.167.179,41.38.167.179,00000000000000000000000000000000000000000000000000000000000000,|||,|||,|||,|||,|||,|||,|||,|||,|||,|||
46.107.48.202,46.107.48.202,00000000000000000000000000000000000000000000000000000000000000,|||,|||,|||,|||,|||,|||,|||,|||,|||,|||
58.105.167.36,58.105.167.36,00000000000000000000000000000000000000000000000000000000000000,|||,|||,|||,|||,|||,|||,|||,|||,|||,|||
37.34.253.233,37.34.253.233,00000000000000000000000000000000000000000000000000000000000000,|||,|||,|||,|||,|||,|||,|||,|||,|||,|||
189.115.16.78,189.115.16.78,00000000000000000000000000000000000000000000000000000000000000,|||,|||,|||,|||,|||,|||,|||,|||,|||,|||
1.161.121.58,1.161.121.58,00000000000000000000000000000000000000000000000000000000000000,|||,|||,|||,|||,|||,|||,|||,|||,|||,|||
105.226.83.196,105.226.83.196,00000000000000000000000000000000000000000000000000000000000000,|||,|||,|||,|||,|||,|||,|||,|||,|||,|||
125.24.107.95,125.24.107.95,00000000000000000000000000000000000000000000000000000000000000,|||,|||,|||,|||,|||,|||,|||,|||,|||,|||
37.210.164.171,37.210.164.171,00000000000000000000000000000000000000000000000000000000000000,|||,|||,|||,|||,|||,|||,|||,|||,|||,|||
176.205.119.81,176.205.119.81,00000000000000000000000000000000000000000000000000000000000000,|||,|||,|||,|||,|||,|||,|||,|||,|||,|||
39.49.81.128,39.49.81.128,00000000000000000000000000000000000000000000000000000000000000,|||,|||,|||,|||,|||,|||,|||,|||,|||,|||
195.32.32.122,195.32.32.122,00000000000000000000000000000000000000000000000000000000000000,|||,|||,|||,|||,|||,|||,|||,|||,|||,|||
78.101.150.251,78.101.150.251,00000000000000000000000000000000000000000000000000000000000000,|||,|||,|||,|||,|||,|||,|||,|||,|||,|||
92.96.182.192,92.96.182.192,00000000000000000000000000000000000000000000000000000000000000,|||,|||,|||,|||,|||,|||,|||,|||,|||,|||
41.84.233.53,41.84.233.53,00000000000000000000000000000000000000000000000000000000000000,|||,|||,|||,|||,|||,|||,|||,|||,|||,|||
37.210.238.79,37.210.238.79,00000000000000000000000000000000000000000000000000000000000000,|||,|||,|||,|||,|||,|||,|||,|||,|||,|||
39.41.173.204,39.41.173.204,00000000000000000000000000000000000000000000000000000000000000,|||,|||,|||,|||,|||,|||,|||,|||,|||,|||
177.62.254.60,177.62.254.60,00000000000000000000000000000000000000000000000000000000000000,|||,|||,|||,|||,|||,|||,|||,|||,|||,|||
113.11.89.165,113.11.89.165,00000000000000000000000000000000000000000000000000000000000000,|||,|||,|||,|||,|||,|||,|||,|||,|||,|||
191.17.223.222,191.17.223.222,00000000000000000000000000000000000000000000000000000000000000,|||,|||,|||,|||,|||,|||,|||,|||,|||,|||
92.96.182.192,92.96.182.192,00000000000000000000000000000000000000000000000000000000000000,|||,|||,|||,|||,|||,|||,|||,|||,|||,|||
191.112.12.240,191.112.12.240,00000000000000000000000000000000000000000000000000000000000000,|||,|||,|||,|||,|||,|||,|||,|||,|||,|||
89.211.187.3,89.211.187.3,00000000000000000000000000000000000000000000000000000000000000,|||,|||,|||,|||,|||,|||,|||,|||,|||,|||
191.251.191.31,191.251.191.31,00000000000000000000000000000000000000000000000000000000000000,|||,|||,|||,|||,|||,|||,|||,|||,|||,|||
86.98.157.14,86.98.157.14,00000000000000000000000000000000000000000000000000000000000000,|||,|||,|||,|||,|||,|||,|||,|||,|||,|||
94.36.195.250,94.36.195.250,00000000000000000000000000000000000000000000000000000000000000,|||,|||,|||,|||,|||,|||,|||,|||,|||,|||
180.183.134.56,180.183.134.56,00000000000000000000000000000000000000000000000000000000000000,|||,|||,|||,|||,|||,|||,|||,|||,|||,|||
101.255.82.164,101.255.82.164,00000000000000000000000000000000000000000000000000000000000000,|||,|||,|||,|||,|||,|||,|||,|||,|||,|||
94.59.57.24,94.59.57.24,00000000000000000000000000000000000000000000000000000000000000,|||,|||,|||,|||,|||,|||,|||,|||,|||,|||
41.84.239.89,41.84.239.89,00000000000000000000000000000000000000000000000000000000000000,|||,|||,|||,|||,|||,|||,|||,|||,|||,|||
197.167.62.14,197.167.62.14,00000000000000000000000000000000000000000000000000000000000000,|||,|||,|||,|||,|||,|||,|||,|||,|||,|||
2.50.137.197,2.50.137.197,00000000000000000000000000000000000000000000000000000000000000,|||,|||,|||,|||,|||,|||,|||,|||,|||,|||
2.50.22.45,2.50.22.45,00000000000000000000000000000000000000000000000000000000000000,|||,|||,|||,|||,|||,|||,|||,|||,|||,|||
119.158.111.142,119.158.111.142,00000000000000000000000000000000000000000000000000000000000000,|||,|||,|||,|||,|||,|||,|||,|||,|||,|||
1.161.116.40,1.161.116.40,00000000000000000000000000000000000000000000000000000000000000,|||,|||,|||,|||,|||,|||,|||,|||,|||,|||
201.13.50.41,201.13.50.41,00000000000000000000000000000000000000000000000000000000000000,|||,|||,|||,|||,|||,|||,|||,|||,|||,|||
125.168.47.127,125.168.47.127,00000000000000000000000000000000000000000000000000000000000000,|||,|||,|||,|||,|||,|||,|||,|||,|||,|||
217.164.210.192,217.164.210.192,00000000000000000000000000000000000000000000000000000000000000,|||,|||,|||,|||,|||,|||,|||,|||,|||,|||
86.98.156.250,86.98.156.250,00000000000000000000000000000000000000000000000000000000000000,|||,|||,|||,|||,|||,|||,|||,|||,|||,|||
31.215.185.114,31.215.185.114,00000000000000000000000000000000000000000000000000000000000000,|||,|||,|||,|||,|||,|||,|||,|||,|||,|||
189.178.44.144,189.178.44.144,00000000000000000000000000000000000000000000000000000000000000,|||,|||,|||,|||,|||,|||,|||,|||,|||,|||
45.241.214.192,45.241.214.192,00000000000000000000000000000000000000000000000000000000000000,|||,|||,|||,|||,|||,|||,|||,|||,|||,|||
121.74.167.191,121.74.167.191,00000000000000000000000000000000000000000000000000000000000000,|||,|||,|||,|||,|||,|||,|||,|||,|||,|||
116.30.6.16,116.30.6.16,00000000000000000000000000000000000000000000000000000000000000,|||,|||,|||,|||,|||,|||,|||,|||,|||,|||
191.17.223.93,191.17.223.93,00000000000000000000000000000000000000000000000000000000000000,|||,|||,|||,|||,|||,|||,|||,|||,|||,|||
217.164.117.22,217.164.117.22,00000000000000000000000000000000000000000000000000000000000000,|||,|||,|||,|||,|||,|||,|||,|||,|||,|||
1.161.116.40,1.161.116.40,00000000000000000000000000000000000000000000000000000000000000,|||,|||,|||,|||,|||,|||,|||,|||,|||,|||
1.161.121.58,1.161.121.58,00000000000000000000000000000000000000000000000000000000000000,|||,|||,|||,|||,|||,|||,|||,|||,|||,|||
182.121.68.188,182.121.68.188,00000000000000000000000000000000000000000000000000000000000000,|||,|||,|||,|||,|||,|||,|||,|||,|||,|||
94.59.138.62,94.59.138.62,00000000000000000000000000000000000000000000000000000000000000,|||,|||,|||,|||,|||,|||,|||,|||,|||,|||
187.251.132.144,187.251.132.144,00000000000000000000000000000000000000000000000000000000000000,|||,|||,|||,|||,|||,|||,|||,|||,|||,|||
103.139.243.207,103.139.243.207,00000000000000000000000000000000000000000000000000000000000000,|||,|||,|||,|||,|||,|||,|||,|||,|||,|||
115.50.75.208,115.50.75.208,00000000000000000000000000000000000000000000000000000000000000,|||,|||,|||,|||,|||,|||,|||,|||,|||,|||
191.112.29.181,191.112.29.181,00000000000000000000000000000000000000000000000000000000000000,|||,|||,|||,|||,|||,|||,|||,|||,|||,|||
187.59.23.53,187.59.23.53,00000000000000000000000000000000000000000000000000000000000000,|||,|||,|||,|||,|||,|||,|||,|||,|||,|||
177.158.7.155,177.158.7.155,00000000000000000000000000000000000000000000000000000000000000,|||,|||,|||,|||,|||,|||,|||,|||,|||,|||
39.52.31.233,39.52.31.233,00000000000000000000000000000000000000000000000000000000000000,|||,|||,|||,|||,|||,|||,|||,|||,|||,|||
94.59.138.62,94.59.138.62,00000000000000000000000000000000000000000000000000000000000000,|||,|||,|||,|||,|||,|||,|||,|||,|||,|||
197.167.63.31,197.167.63.31,00000000000000000000000000000000000000000000000000000000000000,|||,|||,|||,|||,|||,|||,|||,|||,|||,|||
85.97.79.239,85.97.79.239,00000000000000000000000000000000000000000000000000000000000000,|||,|||,|||,|||,|||,|||,|||,|||,|||,|||
72.27.15.168,72.27.15.168,00000000000000000000000000000000000000000000000000000000000000,|||,|||,|||,|||,|||,|||,|||,|||,|||,|||
180.183.97.165,180.183.97.165,00000000000000000000000000000000000000000000000000000000000000,|||,|||,|||,|||,|||,|||,|||,|||,|||,|||
176.205.23.170,176.205.23.170,00000000000000000000000000000000000000000000000000000000000000,|||,|||,|||,|||,|||,|||,|||,|||,|||,|||
177.205.6.251,177.205.6.251,00000000000000000000000000000000000000000000000000000000000000,|||,|||,|||,|||,|||,|||,|||,|||,|||,|||
70.51.152.186,70.51.152.186,00000000000000000000000000000000000000000000000000000000000000,|||,|||,|||,|||,|||,|||,|||,|||,|||,|||
86.98.78.51,86.98.78.51,00000000000000000000000000000000000000000000000000000000000000,|||,|||,|||,|||,|||,|||,|||,|||,|||,|||
1.161.71.109,1.161.71.109,00000000000000000000000000000000000000000000000000000000000000,|||,|||,|||,|||,|||,|||,|||,|||,|||,|||
86.97.247.20,86.97.247.20,00000000000000000000000000000000000000000000000000000000000000,|||,|||,|||,|||,|||,|||,|||,|||,|||,|||
42.235.146.7,42.235.146.7,00000000000000000000000000000000000000000000000000000000000000,|||,|||,|||,|||,|||,|||,|||,|||,|||,|||
83.110.91.58,83.110.91.58,00000000000000000000000000000000000000000000000000000000000000,|||,|||,|||,|||,|||,|||,|||,|||,|||,|||
201.22.97.225,201.22.97.225,00000000000000000000000000000000000000000000000000000000000000,|||,|||,|||,|||,|||,|||,|||,|||,|||,|||
186.105.103.240,186.105.103.240,00000000000000000000000000000000000000000000000000000000000000,|||,|||,|||,|||,|||,|||,|||,|||,|||,|||
197.164.175.205,197.164.175.205,00000000000000000000000000000000000000000000000000000000000000,|||,|||,|||,|||,|||,|||,|||,|||,|||,|||
191.112.20.100,191.112.20.100,00000000000000000000000000000000000000000000000000000000000000,|||,|||,|||,|||,|||,|||,|||,|||,|||,|||
5.54.50.169,5.54.50.169,00000000000000000000000000000000000000000000000000000000000000,|||,|||,|||,|||,|||,|||,|||,|||,|||,|||
201.145.179.247,201.145.179.247,00000000000000000000000000000000000000000000000000000000000000,|||,|||,|||,|||,|||,|||,|||,|||,|||,|||
83.110.93.205,83.110.93.205,00000000000000000000000000000000000000000000000000000000000000,|||,|||,|||,|||,|||,|||,|||,|||,|||,|||
186.105.121.166,186.105.121.166,00000000000000000000000000000000000000000000000000000000000000,|||,|||,|||,|||,|||,|||,|||,|||,|||,|||
187.172.232.250,187.172.232.250,00000000000000000000000000000000000000000000000000000000000000,|||,|||,|||,|||,|||,|||,|||,|||,|||,|||
31.215.214.189,31.215.214.189,00000000000000000000000000000000000000000000000000000000000000,|||,|||,|||,|||,|||,|||,|||,|||,|||,|||
72.252.157.172,72.252.157.172,00000000000000000000000000000000000000000000000000000000000000,|||,|||,|||,|||,|||,|||,|||,|||,|||,|||
78.100.234.143,78.100.234.143,00000000000000000000000000000000000000000000000000000000000000,|||,|||,|||,|||,|||,|||,|||,|||,|||,|||
180.129.102.214,180.129.102.214,00000000000000000000000000000000000000000000000000000000000000,|||,|||,|||,|||,|||,|||,|||,|||,|||,|||
85.101.204.178,85.101.204.178,00000000000000000000000000000000000000000000000000000000000000,|||,|||,|||,|||,|||,|||,|||,|||,|||,|||
41.129.82.125,41.129.82.125,00000000000000000000000000000000000000000000000000000000000000,|||,|||,|||,|||,|||,|||,|||,|||,|||,|||
1.161.126.64,1.161.126.64,00000000000000000000000000000000000000000000000000000000000000,|||,|||,|||,|||,|||,|||,|||,|||,|||,|||
72.12.115.71,72.12.115.71,00000000000000000000000000000000000000000000000000000000000000,|||,|||,|||,|||,|||,|||,|||,|||,|||,|||
1.161.67.235,1.161.67.235,00000000000000000000000000000000000000000000000000000000000000,|||,|||,|||,|||,|||,|||,|||,|||,|||,|||
41.84.248.41,41.84.248.41,00000000000000000000000000000000000000000000000000000000000000,|||,|||,|||,|||,|||,|||,|||,|||,|||,|||
201.124.1.172,201.124.1.172,00000000000000000000000000000000000000000000000000000000000000,|||,|||,|||,|||,|||,|||,|||,|||,|||,|||
176.205.23.170,176.205.23.170,00000000000000000000000000000000000000000000000000000000000000,|||,|||,|||,|||,|||,|||,|||,|||,|||,|||
78.101.82.40,78.101.82.40,00000000000000000000000000000000000000000000000000000000000000,|||,|||,|||,|||,|||,|||,|||,|||,|||,|||
189.253.162.110,189.253.162.110,00000000000000000000000000000000000000000000000000000000000000,|||,|||,|||,|||,|||,|||,|||,|||,|||,|||
31.215.185.49,31.215.185.49,00000000000000000000000000000000000000000000000000000000000000,|||,|||,|||,|||,|||,|||,|||,|||,|||,|||
31.215.185.49,31.215.185.49,00000000000000000000000000000000000000000000000000000000000000,|||,|||,|||,|||,|||,|||,|||,|||,|||,|||
31.215.214.189,31.215.214.189,00000000000000000000000000000000000000000000000000000000000000,|||,|||,|||,|||,|||,|||,|||,|||,|||,|||
78.100.192.210,78.100.192.210,00000000000000000000000000000000000000000000000000000000000000,|||,|||,|||,|||,|||,|||,|||,|||,|||,|||
72.252.157.172,72.252.157.172,00000000000000000000000000000000000000000000000000000000000000,|||,|||,|||,|||,|||,|||,|||,|||,|||,|||
140.0.79.30,140.0.79.30,00000000000000000000000000000000000000000000000000000000000000,|||,|||,|||,|||,|||,|||,|||,|||,|||,|||
217.164.117.22,217.164.117.22,00000000000000000000000000000000000000000000000000000000000000,|||,|||,|||,|||,|||,|||,|||,|||,|||,|||
189.146.73.62,189.146.73.62,00000000000000000000000000000000000000000000000000000000000000,|||,|||,|||,|||,|||,|||,|||,|||,|||,|||
201.172.23.68,201.172.23.68,00000000000000000000000000000000000000000000000000000000000000,|||,|||,|||,|||,|||,|||,|||,|||,|||,|||
103.116.178.85,103.116.178.85,00000000000000000000000000000000000000000000000000000000000000,|||,|||,|||,|||,|||,|||,|||,|||,|||,|||
